27, 8, pa1-unknown-i-output1.txt
  207.57,   191.94,   197.84
  399.35,   402.63, -1303.09
   22.30,   -18.13, -1499.72
   20.45,   -16.62, -1374.75
   18.59,   -15.11, -1249.77
   24.03,   106.85, -1501.21
   22.17,   108.36, -1376.23
   20.31,   109.87, -1251.25
   25.75,   231.83, -1502.69
   23.89,   233.34, -1377.72
   22.03,   234.85, -1252.74
  147.28,   -19.83, -1497.84
  145.42,   -18.32, -1372.87
  143.56,   -16.81, -1247.89
  149.00,   105.15, -1499.33
  147.14,   106.66, -1374.35
  145.28,   108.17, -1249.38
  150.72,   230.13, -1500.82
  148.86,   231.64, -1375.84
  147.00,   233.15, -1250.86
  272.25,   -21.53, -1495.97
  270.39,   -20.02, -1370.99
  268.54,   -18.51, -1246.01
  273.97,   103.45, -1497.45
  272.12,   104.96, -1372.47
  270.26,   106.47, -1247.50
  275.70,   228.43, -1498.94
  273.84,   229.94, -1373.96
  271.98,   231.45, -1248.98
   14.59,    19.91, -1499.80
   13.37,    18.25, -1374.82
   12.15,    16.59, -1249.83
   14.38,   144.90, -1498.14
   13.16,   143.24, -1373.16
   11.95,   141.58, -1248.18
   14.17,   269.89, -1496.48
   12.96,   268.23, -1371.50
   11.74,   266.57, -1246.52
  139.58,    20.10, -1498.58
  138.37,    18.44, -1373.60
  137.15,    16.78, -1248.61
  139.37,   145.09, -1496.92
  138.16,   143.43, -1371.94
  136.94,   141.77, -1246.96
  139.17,   270.08, -1495.27
  137.95,   268.42, -1370.28
  136.73,   266.76, -1245.30
  264.58,    20.29, -1497.36
  263.36,    18.63, -1372.38
  262.14,    16.97, -1247.40
  264.37,   145.28, -1495.70
  263.15,   143.62, -1370.72
  261.94,   141.96, -1245.74
  264.16,   270.27, -1494.05
  262.95,   268.61, -1369.06
  261.73,   266.95, -1244.08
   17.61,   -17.91, -1499.79
   16.14,   -16.42, -1374.81
   14.67,   -14.92, -1249.82
   17.96,   107.08, -1501.28
   16.49,   108.57, -1376.30
   15.02,   110.07, -1251.31
   18.31,   232.07, -1502.77
   16.84,   233.56, -1377.79
   15.37,   235.06, -1252.80
  142.60,   -18.24, -1498.32
  141.13,   -16.75, -1373.33
  139.66,   -15.26, -1248.35
  142.95,   106.75, -1499.81
  141.48,   108.24, -1374.82
  140.02,   109.73, -1249.84
  143.30,   231.74, -1501.30
  141.83,   233.23, -1376.31
  140.37,   234.72, -1251.33
  267.59,   -18.58, -1496.84
  266.12,   -17.08, -1371.86
  264.66,   -15.59, -1246.88
  267.94,   106.41, -1498.33
  266.47,   107.91, -1373.35
  265.01,   109.40, -1248.37
  268.29,   231.40, -1499.82
  266.83,   232.90, -1374.84
  265.36,   234.39, -1249.86
   21.15,   -11.06, -1499.81
   19.39,   -10.14, -1374.83
   17.63,    -9.21, -1249.84
   22.87,   113.92, -1500.71
   21.11,   114.85, -1375.73
   19.35,   115.77, -1250.74
   24.58,   238.91, -1501.61
   22.82,   239.83, -1376.63
   21.06,   240.76, -1251.64
  146.13,   -12.76, -1498.04
  144.37,   -11.84, -1373.05
  142.61,   -10.91, -1248.07
  147.84,   112.22, -1498.94
  146.08,   113.15, -1373.95
  144.32,   114.07, -1248.97
  149.56,   237.21, -1499.84
  147.80,   238.13, -1374.85
  146.03,   239.06, -1249.87
  271.11,   -14.46, -1496.26
  269.34,   -13.54, -1371.28
  267.58,   -12.61, -1246.29
  272.82,   110.52, -1497.16
  271.06,   111.45, -1372.18
  269.30,   112.37, -1247.19
  274.53,   235.51, -1498.06
  272.77,   236.43, -1373.08
  271.01,   237.36, -1248.09
    0.72,     6.32, -1499.99
    0.66,     5.79, -1374.99
    0.60,     5.27, -1249.99
    0.73,   131.32, -1499.46
    0.67,   130.79, -1374.46
    0.61,   130.27, -1249.46
    0.74,   256.32, -1498.93
    0.68,   255.79, -1373.93
    0.62,   255.27, -1248.93
  125.72,     6.31, -1499.93
  125.66,     5.79, -1374.93
  125.60,     5.26, -1249.93
  125.73,   131.31, -1499.40
  125.67,   130.79, -1374.40
  125.61,   130.26, -1249.40
  125.74,   256.31, -1498.87
  125.68,   255.78, -1373.87
  125.62,   255.26, -1248.87
  250.72,     6.31, -1499.87
  250.66,     5.78, -1374.87
  250.60,     5.25, -1249.87
  250.73,   131.30, -1499.34
  250.67,   130.78, -1374.34
  250.61,   130.25, -1249.34
  250.74,   256.30, -1498.81
  250.68,   255.78, -1373.81
  250.62,   255.25, -1248.81
  -12.60,    -2.92, -1499.94
  -11.55,    -2.68, -1374.95
  -10.50,    -2.43, -1249.95
  -12.47,   122.08, -1500.19
  -11.42,   122.32, -1375.19
  -10.37,   122.57, -1250.20
  -12.35,   247.08, -1500.43
  -11.30,   247.32, -1375.44
  -10.25,   247.57, -1250.44
  112.40,    -3.05, -1500.99
  113.45,    -2.80, -1376.00
  114.50,    -2.56, -1251.00
  112.52,   121.95, -1501.24
  113.57,   122.20, -1376.24
  114.62,   122.44, -1251.25
  112.65,   246.95, -1501.48
  113.70,   247.20, -1376.49
  114.75,   247.44, -1251.49
  237.39,    -3.17, -1502.04
  238.44,    -2.93, -1377.05
  239.49,    -2.69, -1252.05
  237.52,   121.83, -1502.29
  238.57,   122.07, -1377.29
  239.62,   122.31, -1252.30
  237.64,   246.83, -1502.53
  238.69,   247.07, -1377.54
  239.74,   247.31, -1252.54
   19.66,    20.57, -1499.73
   18.02,    18.86, -1374.75
   16.39,    17.15, -1249.77
   20.90,   145.56, -1498.00
   19.26,   143.84, -1373.02
   17.62,   142.13, -1248.04
   22.14,   270.54, -1496.27
   20.50,   268.82, -1371.29
   18.86,   267.11, -1246.32
  144.65,    19.31, -1498.11
  143.01,    17.60, -1373.13
  141.37,    15.89, -1248.15
  145.88,   144.30, -1496.38
  144.25,   142.58, -1371.40
  142.61,   140.87, -1246.42
  147.12,   269.28, -1494.65
  145.48,   267.56, -1369.67
  143.84,   265.85, -1244.69
  269.63,    18.05, -1496.48
  267.99,    16.34, -1371.51
  266.35,    14.63, -1246.53
  270.87,   143.03, -1494.76
  269.23,   141.32, -1369.78
  267.59,   139.61, -1244.80
  272.11,   268.02, -1493.03
  270.47,   266.30, -1368.05
  268.83,   264.59, -1243.07
  -21.75,    15.89, -1499.76
  -19.94,    14.57, -1374.78
  -18.13,    13.25, -1249.80
  -20.40,   140.88, -1498.45
  -18.59,   139.55, -1373.47
  -16.78,   138.23, -1248.49
  -19.06,   265.86, -1497.15
  -17.25,   264.54, -1372.17
  -15.44,   263.22, -1247.19
  103.23,    14.57, -1501.58
  105.04,    13.24, -1376.60
  106.85,    11.92, -1251.62
  104.57,   139.55, -1500.28
  106.39,   138.23, -1375.30
  108.20,   136.91, -1250.32
  105.92,   264.54, -1498.97
  107.73,   263.21, -1374.00
  109.54,   261.89, -1249.02
  228.21,    13.24, -1503.41
  230.02,    11.92, -1378.43
  231.83,    10.59, -1253.45
  229.55,   138.23, -1502.10
  231.37,   136.90, -1377.12
  233.18,   135.58, -1252.14
  230.90,   263.21, -1500.80
  232.71,   261.89, -1375.82
  234.52,   260.57, -1250.84
